Matrix C | B
      -1       1       1       0       0       0       0       0 |        1       0       0       0       0       0       0       0       0
       0      -1       0       0       1       0       1      -1 |        0       1       0       0       0       0       0       0       0
       0       0      -1       1       0       0       1      -1 |        0       0       1       0       0       0       0       0       0
       0       0       0       1      -1       0       0       0 |        0       0       0       1       0       0       0       0       0
       0       0       0      -1       1       0       0       0 |        0       0       0       0       1       0       0       0       0
       0       0       0      -1       0       0     -29      29 |        0       0       0       0       0       1       0       0       0
       0       0       0       0      -1       1       1      -1 |        0       0       0       0       0       0       1       0       0
       1       0       0       0       0       0       0       0 |        0       0       0       0       0       0       0       1       0
       0       0       0       0       0      -1       0       0 |        0       0       0       0       0       0       0       0       1

唯一的+ve/-ve的行列，值：7,0,1
       0       1       1       0       0       0       0       0 |        1       0       0       0       0       0       0       1       0
       0      -1       0       0       1       0       1      -1 |        0       1       0       0       0       0       0       0       0
       0       0      -1       1       0       0       1      -1 |        0       0       1       0       0       0       0       0       0
       0       0       0       1      -1       0       0       0 |        0       0       0       1       0       0       0       0       0
       0       0       0      -1       1       0       0       0 |        0       0       0       0       1       0       0       0       0
       0       0       0      -1       0       0     -29      29 |        0       0       0       0       0       1       0       0       0
       0       0       0       0      -1       1       1      -1 |        0       0       0       0       0       0       1       0       0
       0       0       0       0       0      -1       0       0 |        0       0       0       0       0       0       0       0       1

唯一的+ve/-ve的行列，值：0,1,1
       0       0       1       0       1       0       1      -1 |        1       1       0       0       0       0       0       1       0
       0       0      -1       1       0       0       1      -1 |        0       0       1       0       0       0       0       0       0
       0       0       0       1      -1       0       0       0 |        0       0       0       1       0       0       0       0       0
       0       0       0      -1       1       0       0       0 |        0       0       0       0       1       0       0       0       0
       0       0       0      -1       0       0     -29      29 |        0       0       0       0       0       1       0       0       0
       0       0       0       0      -1       1       1      -1 |        0       0       0       0       0       0       1       0       0
       0       0       0       0       0      -1       0       0 |        0       0       0       0       0       0       0       0       1

唯一的+ve/-ve的行列，值：0,2,1
       0       0       0       1       1       0       2      -2 |        1       1       1       0       0       0       0       1       0
       0       0       0       1      -1       0       0       0 |        0       0       0       1       0       0       0       0       0
       0       0       0      -1       1       0       0       0 |        0       0       0       0       1       0       0       0       0
       0       0       0      -1       0       0     -29      29 |        0       0       0       0       0       1       0       0       0
       0       0       0       0      -1       1       1      -1 |        0       0       0       0       0       0       1       0       0
       0       0       0       0       0      -1       0       0 |        0       0       0       0       0       0       0       0       1

唯一的+ve/-ve的行列，值：4,5,1
       0       0       0       1       1       0       2      -2 |        1       1       1       0       0       0       0       1       0
       0       0       0       1      -1       0       0       0 |        0       0       0       1       0       0       0       0       0
       0       0       0      -1       1       0       0       0 |        0       0       0       0       1       0       0       0       0
       0       0       0      -1       0       0     -29      29 |        0       0       0       0       0       1       0       0       0
       0       0       0       0      -1       0       1      -1 |        0       0       0       0       0       0       1       0       1

唯一的+ve/-ve的行列，值：3,6,-29
       0       0       0      27      29       0       0       0 |       29      29      29       0       0       2       0      29       0
       0       0       0       1      -1       0       0       0 |        0       0       0       1       0       0       0       0       0
       0       0       0      -1       1       0       0       0 |        0       0       0       0       1       0       0       0       0
       0       0       0      -1     -29       0       0       0 |        0       0       0       0       0       1      29       0      29

第一个非0元素的行列，值：0,3,27
       0       0       0       0      56       0       0       0 |       29      29      29     -27       0       2       0      29       0
       0       0       0       0      56       0       0       0 |       29      29      29       0      27       2       0      29       0
       0       0       0       0    -754       0       0       0 |       29      29      29       0       0      29     783      29     783

第一个非0元素的行列，值：0,4,56
       0       0       0       0       0       0       0       0 |        0       0       0     -27     -27       0       0       0       0
       0       0       0       0       0       0       0       0 |    11745   11745   11745  -10179       0    1566   21924   11745   21924

C应该是全0
       0       0       0       0       0       0       0       0 |        0       0       0     -27     -27       0       0       0       0
       0       0       0       0       0       0       0       0 |    11745   11745   11745  -10179       0    1566   21924   11745   21924

matrix B,负行取正：
         0         0         0        27        27         0         0         0         0
     11745     11745     11745    -10179         0      1566     21924     11745     21924

matrix B,负元素置0：
         0         0         0        27        27         0         0         0         0
     11745     11745     11745         0     10179      1566     21924     11745     21924

matrix B,各行除以该行的最大公约数：
         0         0         0         1         1         0         0         0         0
        15        15        15         0        13         2        28        15        28

